xi,ya,yc,yd,yl,ym,yn,yo,yp,ze,ag,ao,au,ax,bi,cr,ct,ec,ei,ga,gu,hr,ig,in,ja,lt,lu,mn,nu,ot,re,rg,rh,su,tu,uc,xa,yb,ap,ce,cu,ge,ha,im,lc,mi,mo,oe,pp,rm,ry,si,yt,ad,ci,do,dr,eo,hu,na,se,so,ss,ys,ac,ae,am,et,ho,hy,il,la,lo,od,om,rc,ta,ti,tr,ea,em,ll,ly,ma,nt,pa,po,at,di,ed,ic,id,li,nd,ol,op,ro,to,ur,io,ip,no,pe,al,ch,da,hi,or,ra,st,te,as,cl,er,ni,oc,ri,ca,el,is,ph,de,eu,ia,th,me,ar,en,ne,on,an,he,le,es,us
9,10,15,19,24,32,36,38,42,45,47,51,53,59,60,61,64,65,67,68,69,71,73,76,82,85,86,87,88,90,91,98,100,102,103,104,105,106,107,110,112,114,115,117,118,119,120,121,122,123,124,125,126,128,130,131,132
1,3,4,5,6,7,8,10,11,12,13,14,15,16,17,20,21,22,23,24,26,27,28,29,30,33,35,37,41,42,43,45,47,51,54,55,58,60,62,64,66,68,69,74,76,77,81,83,88,89,94,97,106,107,112,121,123
13,39,47,59,63,66,71,72,73,76,79,85,91,97,100,101,102,105,107,108,110,111,113,114,119,123,124,128,129,131,132,133,134
1,2,3,5,6,7,8,9,10,12,15,16,17,19,20,23,26,27,33,39,40,46,50,51,56,62,63,71,78,80,81,102,129
83
1
54
1
98
1
90
1
92
1
64
1
90
1
128
1
87
1
101
1
66,127
1,2
105
1
40
1
43
1
53,134
1,2
23,87
1,2
107,108
1,2
78,97
1,2


79,125
1,2


63,73
1,2
127,129
1,2
124
1
61
1
69,123
1,2


129,133
1,2


132,134
1,2
109,134
1,2
134
2
47,79
1,2




92,134
1,2
84,93
1,2
134
1
21,94
1,2
130
1
31,132
1,2
101,114,128
1,2,3
49,132
1,2
89,129,130
1,2,3
7,42
1,2
25,129
1,2
114,132
2,3
88
1
94
2
99,129,133
1,2,3
60,83,88
1,2,3
46,73,95
1,2,3
65,134
1,2
128,129,133
1,2,4
14,62,81,84
1,2,3,4
34,108,114,125
1,2,3,4
74,115
1,2
85,112,114
1,2,3


0,75
1,2
132,134
1,3
15,72,120
1,2,3
99,122,130,134
1,2,3,4
60,133,134
1,2,3
23,58,66,106
1,3,4,5
27,105,128,134
1,2,3,4
80,111
1,4
57,69,113,119
1,2,3,4
112,125
1,2
14,64,81,85
1,2,3,4
71,77,100,129,132
1,2,3,4,5
35,73,97,134
1,2,3,4
102,104
1,2
29,63,66
1,2,3
89,113,127
2,3,5
58,106,119,131
1,2,3,4
25,75,80
1,2,3
53,121
1,2
115,122
1,2
28,101
1,2
64,67,94,101,119,128
1,2,3,4,5,6
99,119,133
1,2,3
34,40,76,114
1,2,4,5
93,104
1,3
22,106,127,131
1,2,3,5
77,78,93,116
1,3,4,5
81,82,125
1,5,6
30,96,108,123,131,133
1,2,3,4,5,6
39,74,110,115,129
1,2,3,4,5
65,79,100,103,133
1,2,3,4,6
11,126,130,132,133
1,2,4,5,6
66,74,111,133
1,2,3,6
95,117,130
1,2,3
96,107,108,113
3,4,5,7
6,37,52,57,72,129
1,2,4,5,6,7
18,68,87
1,3,4
55,85,88,112,125
1,2,3,5,6
112
1
3,5,20,95,100,130
1,2,3,4,5,7
41,102,112,125,128
1,3,4,5,6
86,91,102,106,134
2,3,4,6,7
120
1
105,116,123,128,132
1,2,3,4,5
18,54,92,104,124,134
1,2,4,5,6,7
43,50,70,111,118,134
1,2,3,4,5,9
26,59,83,89,120,122
1,2,4,5,6,7
41,48,72,81,92,105,125
1,4,5,6,7,8,9
120,133
1,2
28,110,114
1,2,3
29,91,107,108,115,126,133
1,2,4,5,6,7,8
45,101,115,124,132
1,2,3,4,5
51,76,129
1,2,3
52,57,91,133,134
1,2,3,9,10
40,45,73,90,125
1,2,3,4,5
39,105,117,121
1,2,4,5
26,58,79,108,111,132
1,2,3,4,5,10
53,66,101,109,112
1,2,3,7,8
44,62,81,83,93,101,109,129
1,3,5,6,7,8,9,10
12,17,80,86,90,95,115,122,123,127
1,2,3,4,5,6,7,8,9,11
33,76,77,97,125
1,2,3,5,6
4,22,47,70,91,96,115,122,128,129
1,2,3,5,6,7,8,9,10,11
46,125
1,2
50,96,112,116
2,3,4,5
84,121
2,4
37,63,67,79,100,103,127,133
1,2,3,4,5,6,7,9
27,105,110,121,128
1,2,3,6,10
20,46,54,104,110,119,123,134
1,2,3,6,7,12,13,14
79,95,107,118,122,123,133
1,2,4,6,7,8,9
71,72,109,111,134
1,2,4,5,6
63,91,119,123
1,3,4,5
13,55,56,77,107,110,121,123,124,134
1,2,6,7,8,9,11,12,15,17
16,49,51,59,60,72,75,77,92,96,108,109,130,134
1,3,4,5,6,7,8,9,11,12,13,14,15,16
16,36,83,95,97,114,123,128,129,134
1,2,3,4,5,6,7,8,10,11
78,97,99,110,122
1,3,4,5,6


